[directions=81]
coordinatesystem=xyz
normalisation = none
vector[0]  = (0.850651, 0.525731, 0.000000)
vector[1]  = (-0.850651, 0.525731, 0.000000)
vector[2]  = (0.525731, 0.000000, 0.850651)
vector[3]  = (-0.525731, 0.000000, 0.850651)
vector[4]  = (0.000000, 0.850651, 0.525731)
vector[5]  = (0.000000, -0.850651, 0.525731)
vector[6]  = (0.309017, 0.500000, 0.809017)
vector[7]  = (-0.309017, 0.500000, 0.809017)
vector[8]  = (0.000000, 0.000000, 1.000000)
vector[9]  = (-0.309017, -0.500000, 0.809017)
vector[10]  = (0.309017, -0.500000, 0.809017)
vector[11]  = (0.809017, 0.309017, 0.500000)
vector[12]  = (0.809017, -0.309017, 0.500000)
vector[13]  = (1.000000, 0.000000, 0.000000)
vector[14]  = (-0.809017, -0.309017, 0.500000)
vector[15]  = (-0.809017, 0.309017, 0.500000)
vector[16]  = (0.500000, 0.809017, 0.309017)
vector[17]  = (0.000000, 1.000000, 0.000000)
vector[18]  = (-0.500000, 0.809017, 0.309017)
vector[19]  = (0.500000, -0.809017, 0.309017)
vector[20]  = (-0.500000, -0.809017, 0.309017)
vector[21]  = (0.433889, 0.259892, 0.862668)
vector[22]  = (0.162460, 0.262866, 0.951057)
vector[23]  = (0.273267, 0.000000, 0.961938)
vector[24]  = (0.000000, 0.525731, 0.850651)
vector[25]  = (-0.162460, 0.262866, 0.951057)
vector[26]  = (-0.433889, 0.259892, 0.862668)
vector[27]  = (-0.273267, 0.000000, 0.961938)
vector[28]  = (0.160622, 0.702046, 0.693780)
vector[29]  = (-0.160622, 0.702046, 0.693780)
vector[30]  = (0.162460, -0.262866, 0.951057)
vector[31]  = (0.433889, -0.259892, 0.862668)
vector[32]  = (-0.162460, -0.262866, 0.951057)
vector[33]  = (0.000000, -0.525731, 0.850651)
vector[34]  = (-0.160622, -0.702046, 0.693780)
vector[35]  = (0.160622, -0.702046, 0.693780)
vector[36]  = (-0.433889, -0.259892, 0.862668)
vector[37]  = (0.862668, 0.433889, 0.259892)
vector[38]  = (0.951057, 0.162460, 0.262866)
vector[39]  = (0.961938, 0.273267, 0.000000)
vector[40]  = (0.850651, 0.000000, 0.525731)
vector[41]  = (0.951057, -0.162460, 0.262866)
vector[42]  = (0.862668, -0.433889, 0.259892)
vector[43]  = (0.693780, 0.160622, 0.702046)
vector[44]  = (0.693780, -0.160622, 0.702046)
vector[45]  = (-0.862668, -0.433889, 0.259892)
vector[46]  = (-0.951057, -0.162460, 0.262866)
vector[47]  = (-0.850651, 0.000000, 0.525731)
vector[48]  = (-0.951057, 0.162460, 0.262866)
vector[49]  = (-0.862668, 0.433889, 0.259892)
vector[50]  = (-0.961938, 0.273267, 0.000000)
vector[51]  = (-0.693780, -0.160622, 0.702046)
vector[52]  = (-0.693780, 0.160622, 0.702046)
vector[53]  = (0.259892, 0.862668, 0.433889)
vector[54]  = (0.262866, 0.951057, 0.162460)
vector[55]  = (0.000000, 0.961938, 0.273267)
vector[56]  = (0.525731, 0.850651, 0.000000)
vector[57]  = (0.702046, 0.693780, 0.160622)
vector[58]  = (-0.262866, 0.951057, 0.162460)
vector[59]  = (-0.259892, 0.862668, 0.433889)
vector[60]  = (-0.525731, 0.850651, 0.000000)
vector[61]  = (-0.702046, 0.693780, 0.160622)
vector[62]  = (0.000000, -0.961938, 0.273267)
vector[63]  = (0.262866, -0.951057, 0.162460)
vector[64]  = (0.259892, -0.862668, 0.433889)
vector[65]  = (0.702046, -0.693780, 0.160622)
vector[66]  = (-0.259892, -0.862668, 0.433889)
vector[67]  = (-0.262866, -0.951057, 0.162460)
vector[68]  = (-0.702046, -0.693780, 0.160622)
vector[69]  = (0.425325, 0.688191, 0.587785)
vector[70]  = (0.587785, 0.425325, 0.688191)
vector[71]  = (0.688191, 0.587785, 0.425325)
vector[72]  = (0.587785, -0.425325, 0.688191)
vector[73]  = (0.425325, -0.688191, 0.587785)
vector[74]  = (0.688191, -0.587785, 0.425325)
vector[75]  = (-0.587785, 0.425325, 0.688191)
vector[76]  = (-0.425325, 0.688191, 0.587785)
vector[77]  = (-0.688191, 0.587785, 0.425325)
vector[78]  = (-0.587785, -0.425325, 0.688191)
vector[79]  = (-0.688191, -0.587785, 0.425325)
vector[80]  = (-0.425325, -0.688191, 0.587785)
