[directions=6]
coordinatesystem=xyz
normalisation = none
vector[0]  = (0.850651, 0.525731, 0.000000)
vector[1]  = (-0.850651, 0.525731, 0.000000)
vector[2]  = (0.525731, 0.000000, 0.850651)
vector[3]  = (-0.525731, 0.000000, 0.850651)
vector[4]  = (0.000000, 0.850651, 0.525731)
vector[5]  = (0.000000, -0.850651, 0.525731)
