[directions=21]
coordinatesystem=xyz
normalisation = none
vector[0]  = (0.850651, 0.525731, 0.000000)
vector[1]  = (-0.850651, 0.525731, 0.000000)
vector[2]  = (0.525731, 0.000000, 0.850651)
vector[3]  = (-0.525731, 0.000000, 0.850651)
vector[4]  = (0.000000, 0.850651, 0.525731)
vector[5]  = (0.000000, -0.850651, 0.525731)
vector[6]  = (0.309017, 0.500000, 0.809017)
vector[7]  = (-0.309017, 0.500000, 0.809017)
vector[8]  = (0.000000, 0.000000, 1.000000)
vector[9]  = (-0.309017, -0.500000, 0.809017)
vector[10]  = (0.309017, -0.500000, 0.809017)
vector[11]  = (0.809017, 0.309017, 0.500000)
vector[12]  = (0.809017, -0.309017, 0.500000)
vector[13]  = (1.000000, 0.000000, 0.000000)
vector[14]  = (-0.809017, -0.309017, 0.500000)
vector[15]  = (-0.809017, 0.309017, 0.500000)
vector[16]  = (0.500000, 0.809017, 0.309017)
vector[17]  = (0.000000, 1.000000, 0.000000)
vector[18]  = (-0.500000, 0.809017, 0.309017)
vector[19]  = (0.500000, -0.809017, 0.309017)
vector[20]  = (-0.500000, -0.809017, 0.309017)
